Data generated by UniMoG (http://http://bibiserv.cebitec.uni-bielefeld.de/dcj?id=dcj_unimog)

Input:

>simulated_k13_l100_2
 0 1 2 3 4 5 | 6 7 8 9 10 11 12 13 14 15 16 17 18 19 20 21 22 23 24 25 26 27 28 | 29 30 31 32 33 34 35 36 37 38 39 40 41 42 43 44 45 46 47 48 49 50 51 52 53 54 55 56 57 58 59 60 61 62 63 64 65 66 67 68 69 70 71 72 73 74 75 76 77 78 79 80 81 82 83 84 85 86 87 88 89 90 91 92 93 94 95 96 97 98 99 |
>simulated_k13_l100_6
 0 1 2 3 4 5 6 7 8 9 10 11 12 13 14 15 16 17 18 19 20 21 22 23 24 25 26 27 28 29 30 31 32 33 34 35 36 37 38 39 40 41 42 43 44 45 46 47 48 49 50 51 52 53 54 55 56 57 58 59 60 61 62 63 64 65 66 67 68 69 70 71 72 73 74 75 76 77 78 79 80 | 81 82 83 84 85 86 87 88 89 90 91 92 93 94 95 96 97 98 99 |
>simulated_k13_l100_8
 0 1 2 3 4 5 6 7 8 9 10 11 12 13 14 15 16 17 18 19 20 21 22 | 60 61 | 23 24 25 26 27 28 29 30 31 32 33 34 35 36 37 38 39 40 41 42 43 44 45 46 47 48 49 50 51 52 53 54 55 56 57 58 59 | 62 63 64 65 66 67 68 69 70 71 72 73 74 75 76 77 78 79 80 81 82 83 84 85 86 87 88 89 90 91 92 93 94 95 96 97 98 99 |
>simulated_k13_l100_12
 0 1 2 3 4 5 6 7 8 9 10 11 12 13 14 15 16 17 18 19 20 21 22 23 24 25 26 27 28 29 30 31 32 33 34 35 36 37 38 39 40 41 42 43 44 45 46 47 48 49 50 51 52 53 54 55 56 57 58 59 60 61 62 63 64 65 66 67 68 69 70 71 72 73 74 75 76 77 78 79 80 81 | 84 85 86 87 88 89 90 91 92 93 94 95 96 97 98 99 | 82 83 |
>simulated_k13_l100_13
 0 1 2 3 4 5 6 7 8 9 10 11 12 13 14 15 16 17 18 19 20 21 22 23 24 25 26 27 28 29 30 31 32 33 34 35 36 37 38 39 40 41 42 43 44 45 46 47 48 49 50 51 52 53 54 55 56 57 58 59 60 61 62 63 64 65 66 67 68 69 70 71 72 73 74 75 76 77 78 79 80 81 82 83 84 85 86 87 88 89 90 91 92 93 94 95 96 97 98 99 |
>simulated_k13_l100_14
 0 1 2 3 4 5 6 7 8 9 10 11 12 13 14 15 16 17 18 19 20 21 22 23 24 25 26 27 28 29 30 31 32 33 34 35 36 37 38 39 40 41 42 43 44 45 46 47 48 49 50 51 52 53 54 55 56 57 58 59 60 61 62 63 64 65 66 67 68 69 70 71 72 73 74 75 76 77 78 79 80 81 82 83 84 85 86 87 88 89 90 91 92 93 94 95 96 97 98 99 |
>simulated_k13_l100_16
 0 1 2 3 | 84 85 86 87 88 89 90 91 92 93 94 95 96 97 98 99 | 4 5 6 7 8 9 10 11 12 13 14 15 16 17 18 19 20 21 22 23 24 25 26 27 28 29 30 31 32 33 34 35 36 37 38 39 40 41 42 43 44 45 46 47 48 49 50 51 52 53 54 55 56 57 58 59 60 61 62 63 64 65 66 67 68 69 70 71 72 73 74 75 | 76 77 78 79 80 81 82 83 |
>simulated_k13_l100_18
 0 1 2 3 4 5 6 7 | 84 85 86 87 88 89 90 91 92 93 94 95 96 97 98 99 | 8 9 10 11 12 13 14 15 16 17 18 19 20 21 22 23 24 25 26 27 28 29 30 31 32 33 34 35 36 37 38 39 40 41 42 | 43 44 45 46 47 48 49 50 51 52 53 54 55 56 57 58 59 60 61 62 63 64 65 66 67 68 69 70 71 72 73 74 75 76 77 78 79 80 81 82 83 |
>simulated_k13_l100_19
 0 1 2 3 4 5 6 7 8 9 10 11 12 13 14 15 16 17 18 19 20 21 22 23 24 25 26 27 28 29 30 31 32 33 34 35 36 37 38 39 40 41 42 43 44 45 46 47 48 49 50 51 52 53 54 55 56 57 58 59 60 61 62 63 64 65 66 67 68 69 70 71 72 73 74 75 76 77 78 79 80 81 82 83 84 85 86 87 88 89 90 91 92 93 94 95 96 97 98 99 |
>simulated_k13_l100_20
 0 1 2 3 4 5 6 7 8 9 10 11 12 13 14 15 16 17 18 19 20 21 22 23 24 25 26 27 28 29 30 31 32 33 34 35 36 37 38 39 40 41 42 43 44 45 46 47 48 49 50 51 52 53 54 55 56 57 58 59 60 61 62 63 64 65 66 67 68 69 70 71 72 73 74 75 76 77 78 79 80 81 82 83 84 85 86 87 88 89 90 91 92 93 94 95 96 97 98 99 |
>simulated_k13_l100_22
 0 1 2 3 4 5 6 7 8 9 10 11 12 13 14 15 16 17 18 19 20 21 22 23 24 25 26 27 28 29 30 31 32 33 34 35 36 37 38 39 40 41 42 43 44 45 46 47 48 49 50 51 52 53 54 55 56 57 58 59 60 61 62 63 64 65 66 67 68 69 70 71 72 73 74 75 76 77 78 79 80 81 82 83 | 84 85 86 87 88 89 90 91 92 93 94 95 96 97 98 99 |
>simulated_k13_l100_23
 0 1 2 3 4 5 6 7 8 9 10 11 12 13 14 15 16 17 18 19 20 21 22 23 24 25 26 27 28 29 30 31 32 33 34 35 36 37 38 39 40 41 42 43 44 45 46 47 48 49 50 51 52 53 54 55 56 57 58 59 60 61 62 63 64 65 66 67 68 69 70 71 72 73 74 75 76 77 78 79 80 81 82 83 | 84 85 86 87 88 89 90 91 92 93 94 95 96 97 98 99 |
>simulated_k13_l100_24
 0 1 2 3 4 5 6 7 8 9 10 11 12 13 14 15 16 17 18 19 20 21 22 23 24 25 26 27 28 29 30 31 32 33 34 35 36 37 38 39 40 41 42 43 44 45 46 47 48 49 50 51 52 53 54 55 56 57 58 59 60 61 62 63 64 65 66 67 68 69 70 71 72 73 74 75 76 77 78 79 80 81 82 83 | 84 85 86 87 88 89 90 91 92 93 94 95 96 97 98 99 |
>MST_1
 0 1 2 3 4 5 6 7 8 9 10 11 12 13 14 15 16 17 18 19 20 21 22 23 24 25 26 27 28 29 30 31 32 33 34 35 36 37 38 39 40 41 42 43 44 45 46 47 48 49 50 51 52 53 54 55 56 57 58 59 60 61 62 63 64 65 66 67 68 69 70 71 72 73 74 75 | 82 83 | 84 85 86 87 88 89 90 91 92 93 94 95 96 97 98 99 | 76 77 78 79 80 |
>MST_2
 99 98 97 96 95 94 93 92 91 90 89 88 87 86 85 84 83 82 81 80 79 78 77 76 75 74 73 72 71 | 8 9 10 11 12 13 14 15 16 17 18 19 20 21 22 | 23 24 25 26 27 28 | 60 61 | 29 30 31 32 33 34 35 36 37 38 39 40 41 42 | 62 63 64 65 66 67 68 69 70 | 4 5 | 0 1 2 3 | 6 7 | 43 44 45 46 47 48 49 50 51 52 53 54 55 56 57 58 59 |
>MST_3
 84 85 86 87 88 89 90 91 92 93 94 95 96 97 98 99 | 0 1 2 3 4 5 6 7 8 9 10 11 12 13 14 15 16 17 18 19 20 21 22 23 24 25 26 27 28 29 30 31 32 33 34 35 36 37 38 39 40 41 42 43 44 45 46 47 48 49 50 51 52 53 54 55 56 57 58 59 60 61 62 63 64 65 66 67 68 69 70 71 72 73 74 75 76 77 78 79 80 81 82 83 |
>MST_4
 84 85 86 87 88 89 90 91 92 93 94 95 96 97 98 99 | 0 1 2 3 4 5 6 7 8 9 10 11 12 13 14 15 16 17 18 19 20 21 22 23 24 25 26 27 28 29 30 31 32 33 34 35 36 37 38 39 40 41 42 43 44 45 46 47 48 49 50 51 52 53 54 55 56 57 58 59 60 61 62 63 64 65 66 67 68 69 70 71 72 73 74 75 76 77 78 79 80 81 82 83 |
>MST_5
 84 85 86 87 88 89 90 91 92 93 94 95 96 97 98 99 | 0 1 2 3 4 5 6 7 8 9 10 11 12 13 14 15 16 17 18 19 20 21 22 23 24 25 26 27 28 29 30 31 32 33 34 35 36 37 38 39 40 41 42 43 44 45 46 47 48 49 50 51 52 53 54 55 56 57 58 59 60 61 62 63 64 65 66 67 68 69 70 71 72 73 74 75 76 77 78 79 80 81 82 83 |
>MST_6
 84 85 86 87 88 89 90 91 92 93 94 95 96 97 98 99 | 0 1 2 3 4 5 6 7 8 9 10 11 12 13 14 15 16 17 18 19 20 21 22 23 24 25 26 27 28 29 30 31 32 33 34 35 36 37 38 39 40 41 42 43 44 45 46 47 48 49 50 51 52 53 54 55 56 57 58 59 60 61 62 63 64 65 66 67 68 69 70 71 72 73 74 75 76 77 78 79 80 81 82 83 |
>MST_7
 84 85 86 87 88 89 90 91 92 93 94 95 96 97 98 99 | 0 1 2 3 4 5 6 7 8 9 10 11 12 13 14 15 16 17 18 19 20 21 22 23 24 25 26 27 28 29 30 31 32 33 34 35 36 37 38 39 40 41 42 43 44 45 46 47 48 49 50 51 52 53 54 55 56 57 58 59 60 61 62 63 64 65 66 67 68 69 70 71 72 73 74 75 76 77 78 79 80 81 82 83 |
>MST_8
 0 1 2 3 4 5 6 7 8 9 10 11 12 13 14 15 16 17 18 19 20 21 22 23 24 25 26 27 28 29 30 31 32 33 34 35 36 37 38 39 40 41 42 43 44 45 46 47 48 49 50 51 52 53 54 55 56 57 58 59 60 61 62 63 64 65 66 67 68 69 70 71 72 73 74 75 76 77 78 79 80 81 82 83 84 85 86 87 88 89 90 91 92 93 94 95 96 97 98 99 |
>MST_9
 0 1 2 3 4 5 6 7 8 9 10 11 12 13 14 15 16 17 18 19 20 21 22 23 24 25 26 27 28 29 30 31 32 33 34 35 36 37 38 39 40 41 42 43 44 45 46 47 48 49 50 51 52 53 54 55 56 57 58 59 60 61 62 63 64 65 66 67 68 69 70 71 72 73 74 75 76 77 78 79 80 81 82 83 84 85 86 87 88 89 90 91 92 93 94 95 96 97 98 99 |
>MST_10
 0 1 2 3 4 5 6 7 8 9 10 11 12 13 14 15 16 17 18 19 20 21 22 23 24 25 26 27 28 29 30 31 32 33 34 35 36 37 38 39 40 41 42 43 44 45 46 47 48 49 50 51 52 53 54 55 56 57 58 59 60 61 62 63 64 65 66 67 68 69 70 71 72 73 74 75 76 77 78 79 80 81 82 83 84 85 86 87 88 89 90 91 92 93 94 95 96 97 98 99 |
>MST_11
 0 1 2 3 4 5 6 7 8 9 10 11 12 13 14 15 16 17 18 19 20 21 22 23 24 25 26 27 28 29 30 31 32 33 34 35 36 37 38 39 40 41 42 43 44 45 46 47 48 49 50 51 52 53 54 55 56 57 58 59 60 61 62 63 64 65 66 67 68 69 70 71 72 73 74 75 76 77 78 79 80 81 82 83 84 85 86 87 88 89 90 91 92 93 94 95 96 97 98 99 |
>MST_12
 0 1 2 3 4 5 6 7 8 9 10 11 12 13 14 15 16 17 18 19 20 21 22 23 24 25 26 27 28 29 30 31 32 33 34 35 36 37 38 39 40 41 42 43 44 45 46 47 48 49 50 51 52 53 54 55 56 57 58 59 60 61 62 63 64 65 66 67 68 69 70 71 72 73 74 75 76 77 78 79 80 81 82 83 84 85 86 87 88 89 90 91 92 93 94 95 96 97 98 99 |
>MST_13
 0 1 2 3 4 5 6 7 8 9 10 11 12 13 14 15 16 17 18 19 20 21 22 23 24 25 26 27 28 29 30 31 32 33 34 35 36 37 38 39 40 41 42 43 44 45 46 47 48 49 50 51 52 53 54 55 56 57 58 59 60 61 62 63 64 65 66 67 68 69 70 71 72 73 74 75 76 77 78 79 80 81 82 83 84 85 86 87 88 89 90 91 92 93 94 95 96 97 98 99 |
>SEQ_0
 8 9 10 11 12 13 14 15 16 17 18 19 20 21 22 | 82 83 | 23 24 25 26 27 28 | 60 61 | 29 30 31 32 33 34 35 36 37 38 39 40 41 42 | 84 85 86 87 88 89 90 91 92 93 94 95 96 97 98 99 | 62 63 64 65 66 67 68 69 70 71 72 73 74 75 | 4 5 | 0 1 2 3 | 6 7 | 43 44 45 46 47 48 49 50 51 52 53 54 55 56 57 58 59 | 76 77 78 79 80 |
>SEQ_1
 84 85 86 87 88 89 90 91 92 93 94 95 96 97 98 99 | 0 1 2 3 4 5 6 7 8 9 10 11 12 13 14 15 16 17 18 19 20 21 22 23 24 25 26 27 28 29 30 31 32 33 34 35 36 37 38 39 40 41 42 43 44 45 46 47 48 49 50 51 52 53 54 55 56 57 58 59 60 61 62 63 64 65 66 67 68 69 70 71 72 73 74 75 76 77 78 79 80 81 82 83 |
>SEQ_2
 84 85 86 87 88 89 90 91 92 93 94 95 96 97 98 99 | 0 1 2 3 4 5 6 7 8 9 10 11 12 13 14 15 16 17 18 19 20 21 22 23 24 25 26 27 28 29 30 31 32 33 34 35 36 37 38 39 40 41 42 43 44 45 46 47 48 49 50 51 52 53 54 55 56 57 58 59 60 61 62 63 64 65 66 67 68 69 70 71 72 73 74 75 76 77 78 79 80 81 82 83 |
>SEQ_3
 84 85 86 87 88 89 90 91 92 93 94 95 96 97 98 99 | 0 1 2 3 4 5 6 7 8 9 10 11 12 13 14 15 16 17 18 19 20 21 22 23 24 25 26 27 28 29 30 31 32 33 34 35 36 37 38 39 40 41 42 43 44 45 46 47 48 49 50 51 52 53 54 55 56 57 58 59 60 61 62 63 64 65 66 67 68 69 70 71 72 73 74 75 76 77 78 79 80 81 82 83 |
>SEQ_4
 84 85 86 87 88 89 90 91 92 93 94 95 96 97 98 99 | 0 1 2 3 4 5 6 7 8 9 10 11 12 13 14 15 16 17 18 19 20 21 22 23 24 25 26 27 28 29 30 31 32 33 34 35 36 37 38 39 40 41 42 43 44 45 46 47 48 49 50 51 52 53 54 55 56 57 58 59 60 61 62 63 64 65 66 67 68 69 70 71 72 73 74 75 76 77 78 79 80 81 82 83 |
>SEQ_5
 84 85 86 87 88 89 90 91 92 93 94 95 96 97 98 99 | 0 1 2 3 4 5 6 7 8 9 10 11 12 13 14 15 16 17 18 19 20 21 22 23 24 25 26 27 28 29 30 31 32 33 34 35 36 37 38 39 40 41 42 43 44 45 46 47 48 49 50 51 52 53 54 55 56 57 58 59 60 61 62 63 64 65 66 67 68 69 70 71 72 73 74 75 76 77 78 79 80 81 82 83 |
>SEQ_6
 0 1 2 3 4 5 6 7 8 9 10 11 12 13 14 15 16 17 18 19 20 21 22 23 24 25 26 27 28 29 30 31 32 33 34 35 36 37 38 39 40 41 42 43 44 45 46 47 48 49 50 51 52 53 54 55 56 57 58 59 60 61 62 63 64 65 66 67 68 69 70 71 72 73 74 75 76 77 78 79 80 81 82 83 84 85 86 87 88 89 90 91 92 93 94 95 96 97 98 99 |
>SEQ_7
 0 1 2 3 4 5 6 7 8 9 10 11 12 13 14 15 16 17 18 19 20 21 22 23 24 25 26 27 28 29 30 31 32 33 34 35 36 37 38 39 40 41 42 43 44 45 46 47 48 49 50 51 52 53 54 55 56 57 58 59 60 61 62 63 64 65 66 67 68 69 70 71 72 73 74 75 76 77 78 79 80 81 82 83 84 85 86 87 88 89 90 91 92 93 94 95 96 97 98 99 |
>SEQ_8
 0 1 2 3 4 5 6 7 8 9 10 11 12 13 14 15 16 17 18 19 20 21 22 23 24 25 26 27 28 29 30 31 32 33 34 35 36 37 38 39 40 41 42 43 44 45 46 47 48 49 50 51 52 53 54 55 56 57 58 59 60 61 62 63 64 65 66 67 68 69 70 71 72 73 74 75 76 77 78 79 80 81 82 83 84 85 86 87 88 89 90 91 92 93 94 95 96 97 98 99 |
>SEQ_9
 0 1 2 3 4 5 6 7 8 9 10 11 12 13 14 15 16 17 18 19 20 21 22 23 24 25 26 27 28 29 30 31 32 33 34 35 36 37 38 39 40 41 42 43 44 45 46 47 48 49 50 51 52 53 54 55 56 57 58 59 60 61 62 63 64 65 66 67 68 69 70 71 72 73 74 75 76 77 78 79 80 81 82 83 84 85 86 87 88 89 90 91 92 93 94 95 96 97 98 99 |
>SEQ_10
 0 1 2 3 4 5 6 7 8 9 10 11 12 13 14 15 16 17 18 19 20 21 22 23 24 25 26 27 28 29 30 31 32 33 34 35 36 37 38 39 40 41 42 43 44 45 46 47 48 49 50 51 52 53 54 55 56 57 58 59 60 61 62 63 64 65 66 67 68 69 70 71 72 73 74 75 76 77 78 79 80 81 82 83 84 85 86 87 88 89 90 91 92 93 94 95 96 97 98 99 |
>SEQ_11
 0 1 2 3 4 5 6 7 8 9 10 11 12 13 14 15 16 17 18 19 20 21 22 23 24 25 26 27 28 29 30 31 32 33 34 35 36 37 38 39 40 41 42 43 44 45 46 47 48 49 50 51 52 53 54 55 56 57 58 59 60 61 62 63 64 65 66 67 68 69 70 71 72 73 74 75 76 77 78 79 80 81 82 83 84 85 86 87 88 89 90 91 92 93 94 95 96 97 98 99 |
>SEQ_12
 0 1 2 3 4 5 6 7 8 9 10 11 12 13 14 15 16 17 18 19 20 21 22 23 24 25 26 27 28 29 30 31 32 33 34 35 36 37 38 39 40 41 42 43 44 45 46 47 48 49 50 51 52 53 54 55 56 57 58 59 60 61 62 63 64 65 66 67 68 69 70 71 72 73 74 75 76 77 78 79 80 81 82 83 84 85 86 87 88 89 90 91 92 93 94 95 96 97 98 99 |

Output:


DCJ-indel distance comparisons:
______________________________________________________________________________________________________________________________________________________________________________________________________________________________________________________________________________________________________________________________________________________________________________________________________________________________________________________________________________________________________________________________________________________________________
|                        | simulated_k13_l100_2 | simulated_k13_l100_6 | simulated_k13_l100_8 | simulated_k13_l100_12 | simulated_k13_l100_13 | simulated_k13_l100_14 | simulated_k13_l100_16 | simulated_k13_l100_18 | simulated_k13_l100_19 | simulated_k13_l100_20 | simulated_k13_l100_22 | simulated_k13_l100_23 | simulated_k13_l100_24 | MST_1 | MST_2 | MST_3 | MST_4 | MST_5 | MST_6 | MST_7 | MST_8 | MST_9 | MST_10 | MST_11 | MST_12 | MST_13 | SEQ_0 | SEQ_1 | SEQ_2 | SEQ_3 | SEQ_4 | SEQ_5 | SEQ_6 | SEQ_7 | SEQ_8 | SEQ_9 | SEQ_10 | SEQ_11 | SEQ_12 | 
| simulated_k13_l100_2   |                    0 |                    3 |                    5 |                     4 |                     2 |                     2 |                     5 |                     5 |                     2 |                     2 |                     3 |                     3 |                     3 |     6 |    35 |     3 |     3 |     3 |     3 |     3 |     2 |     2 |      2 |      2 |      2 |      2 |    10 |     3 |     3 |     3 |     3 |     3 |     2 |     2 |     2 |     2 |      2 |      2 |      2 |
| simulated_k13_l100_6   |                    - |                    0 |                    4 |                     3 |                     1 |                     1 |                     4 |                     4 |                     1 |                     1 |                     2 |                     2 |                     2 |     3 |    36 |     2 |     2 |     2 |     2 |     2 |     1 |     1 |      1 |      1 |      1 |      1 |    11 |     2 |     2 |     2 |     2 |     2 |     1 |     1 |     1 |     1 |      1 |      1 |      1 |
| simulated_k13_l100_8   |                    - |                    - |                    0 |                     5 |                     3 |                     3 |                     6 |                     6 |                     3 |                     3 |                     4 |                     4 |                     4 |     7 |    34 |     4 |     4 |     4 |     4 |     4 |     3 |     3 |      3 |      3 |      3 |      3 |     9 |     4 |     4 |     4 |     4 |     4 |     3 |     3 |     3 |     3 |      3 |      3 |      3 |
| simulated_k13_l100_12  |                    - |                    - |                    - |                     0 |                     2 |                     2 |                     3 |                     3 |                     2 |                     2 |                     1 |                     1 |                     1 |     2 |    37 |     1 |     1 |     1 |     1 |     1 |     2 |     2 |      2 |      2 |      2 |      2 |    10 |     1 |     1 |     1 |     1 |     1 |     2 |     2 |     2 |     2 |      2 |      2 |      2 |
| simulated_k13_l100_13  |                    - |                    - |                    - |                     - |                     0 |                     0 |                     3 |                     3 |                     0 |                     0 |                     1 |                     1 |                     1 |     4 |    37 |     1 |     1 |     1 |     1 |     1 |     0 |     0 |      0 |      0 |      0 |      0 |    12 |     1 |     1 |     1 |     1 |     1 |     0 |     0 |     0 |     0 |      0 |      0 |      0 |
| simulated_k13_l100_14  |                    - |                    - |                    - |                     - |                     - |                     0 |                     3 |                     3 |                     0 |                     0 |                     1 |                     1 |                     1 |     4 |    37 |     1 |     1 |     1 |     1 |     1 |     0 |     0 |      0 |      0 |      0 |      0 |    12 |     1 |     1 |     1 |     1 |     1 |     0 |     0 |     0 |     0 |      0 |      0 |      0 |
| simulated_k13_l100_16  |                    - |                    - |                    - |                     - |                     - |                     - |                     0 |                     4 |                     3 |                     3 |                     2 |                     2 |                     2 |     3 |    36 |     2 |     2 |     2 |     2 |     2 |     3 |     3 |      3 |      3 |      3 |      3 |     9 |     2 |     2 |     2 |     2 |     2 |     3 |     3 |     3 |     3 |      3 |      3 |      3 |
| simulated_k13_l100_18  |                    - |                    - |                    - |                     - |                     - |                     - |                     - |                     0 |                     3 |                     3 |                     2 |                     2 |                     2 |     5 |    35 |     2 |     2 |     2 |     2 |     2 |     3 |     3 |      3 |      3 |      3 |      3 |     9 |     2 |     2 |     2 |     2 |     2 |     3 |     3 |     3 |     3 |      3 |      3 |      3 |
| simulated_k13_l100_19  |                    - |                    - |                    - |                     - |                     - |                     - |                     - |                     - |                     0 |                     0 |                     1 |                     1 |                     1 |     4 |    37 |     1 |     1 |     1 |     1 |     1 |     0 |     0 |      0 |      0 |      0 |      0 |    12 |     1 |     1 |     1 |     1 |     1 |     0 |     0 |     0 |     0 |      0 |      0 |      0 |
| simulated_k13_l100_20  |                    - |                    - |                    - |                     - |                     - |                     - |                     - |                     - |                     - |                     0 |                     1 |                     1 |                     1 |     4 |    37 |     1 |     1 |     1 |     1 |     1 |     0 |     0 |      0 |      0 |      0 |      0 |    12 |     1 |     1 |     1 |     1 |     1 |     0 |     0 |     0 |     0 |      0 |      0 |      0 |
| simulated_k13_l100_22  |                    - |                    - |                    - |                     - |                     - |                     - |                     - |                     - |                     - |                     - |                     0 |                     0 |                     0 |     3 |    37 |     0 |     0 |     0 |     0 |     0 |     1 |     1 |      1 |      1 |      1 |      1 |    11 |     0 |     0 |     0 |     0 |     0 |     1 |     1 |     1 |     1 |      1 |      1 |      1 |
| simulated_k13_l100_23  |                    - |                    - |                    - |                     - |                     - |                     - |                     - |                     - |                     - |                     - |                     - |                     0 |                     0 |     3 |    37 |     0 |     0 |     0 |     0 |     0 |     1 |     1 |      1 |      1 |      1 |      1 |    11 |     0 |     0 |     0 |     0 |     0 |     1 |     1 |     1 |     1 |      1 |      1 |      1 |
| simulated_k13_l100_24  |                    - |                    - |                    - |                     - |                     - |                     - |                     - |                     - |                     - |                     - |                     - |                     - |                     0 |     3 |    37 |     0 |     0 |     0 |     0 |     0 |     1 |     1 |      1 |      1 |      1 |      1 |    11 |     0 |     0 |     0 |     0 |     0 |     1 |     1 |     1 |     1 |      1 |      1 |      1 |
| MST_1                  |                    - |                    - |                    - |                     - |                     - |                     - |                     - |                     - |                     - |                     - |                     - |                     - |                     - |     0 |    36 |     3 |     3 |     3 |     3 |     3 |     4 |     4 |      4 |      4 |      4 |      4 |     8 |     3 |     3 |     3 |     3 |     3 |     4 |     4 |     4 |     4 |      4 |      4 |      4 |
| MST_2                  |                    - |                    - |                    - |                     - |                     - |                     - |                     - |                     - |                     - |                     - |                     - |                     - |                     - |     - |     0 |    37 |    37 |    37 |    37 |    37 |    37 |    37 |     37 |     37 |     37 |     37 |    28 |    37 |    37 |    37 |    37 |    37 |    37 |    37 |    37 |    37 |     37 |     37 |     37 |
| MST_3                  |                    - |                    - |                    - |                     - |                     - |                     - |                     - |                     - |                     - |                     - |                     - |                     - |                     - |     - |     - |     0 |     0 |     0 |     0 |     0 |     1 |     1 |      1 |      1 |      1 |      1 |    11 |     0 |     0 |     0 |     0 |     0 |     1 |     1 |     1 |     1 |      1 |      1 |      1 |
| MST_4                  |                    - |                    - |                    - |                     - |                     - |                     - |                     - |                     - |                     - |                     - |                     - |                     - |                     - |     - |     - |     - |     0 |     0 |     0 |     0 |     1 |     1 |      1 |      1 |      1 |      1 |    11 |     0 |     0 |     0 |     0 |     0 |     1 |     1 |     1 |     1 |      1 |      1 |      1 |
| MST_5                  |                    - |                    - |                    - |                     - |                     - |                     - |                     - |                     - |                     - |                     - |                     - |                     - |                     - |     - |     - |     - |     - |     0 |     0 |     0 |     1 |     1 |      1 |      1 |      1 |      1 |    11 |     0 |     0 |     0 |     0 |     0 |     1 |     1 |     1 |     1 |      1 |      1 |      1 |
| MST_6                  |                    - |                    - |                    - |                     - |                     - |                     - |                     - |                     - |                     - |                     - |                     - |                     - |                     - |     - |     - |     - |     - |     - |     0 |     0 |     1 |     1 |      1 |      1 |      1 |      1 |    11 |     0 |     0 |     0 |     0 |     0 |     1 |     1 |     1 |     1 |      1 |      1 |      1 |
| MST_7                  |                    - |                    - |                    - |                     - |                     - |                     - |                     - |                     - |                     - |                     - |                     - |                     - |                     - |     - |     - |     - |     - |     - |     - |     0 |     1 |     1 |      1 |      1 |      1 |      1 |    11 |     0 |     0 |     0 |     0 |     0 |     1 |     1 |     1 |     1 |      1 |      1 |      1 |
| MST_8                  |                    - |                    - |                    - |                     - |                     - |                     - |                     - |                     - |                     - |                     - |                     - |                     - |                     - |     - |     - |     - |     - |     - |     - |     - |     0 |     0 |      0 |      0 |      0 |      0 |    12 |     1 |     1 |     1 |     1 |     1 |     0 |     0 |     0 |     0 |      0 |      0 |      0 |
| MST_9                  |                    - |                    - |                    - |                     - |                     - |                     - |                     - |                     - |                     - |                     - |                     - |                     - |                     - |     - |     - |     - |     - |     - |     - |     - |     - |     0 |      0 |      0 |      0 |      0 |    12 |     1 |     1 |     1 |     1 |     1 |     0 |     0 |     0 |     0 |      0 |      0 |      0 |
| MST_10                 |                    - |                    - |                    - |                     - |                     - |                     - |                     - |                     - |                     - |                     - |                     - |                     - |                     - |     - |     - |     - |     - |     - |     - |     - |     - |     - |      0 |      0 |      0 |      0 |    12 |     1 |     1 |     1 |     1 |     1 |     0 |     0 |     0 |     0 |      0 |      0 |      0 |
| MST_11                 |                    - |                    - |                    - |                     - |                     - |                     - |                     - |                     - |                     - |                     - |                     - |                     - |                     - |     - |     - |     - |     - |     - |     - |     - |     - |     - |      - |      0 |      0 |      0 |    12 |     1 |     1 |     1 |     1 |     1 |     0 |     0 |     0 |     0 |      0 |      0 |      0 |
| MST_12                 |                    - |                    - |                    - |                     - |                     - |                     - |                     - |                     - |                     - |                     - |                     - |                     - |                     - |     - |     - |     - |     - |     - |     - |     - |     - |     - |      - |      - |      0 |      0 |    12 |     1 |     1 |     1 |     1 |     1 |     0 |     0 |     0 |     0 |      0 |      0 |      0 |
| MST_13                 |                    - |                    - |                    - |                     - |                     - |                     - |                     - |                     - |                     - |                     - |                     - |                     - |                     - |     - |     - |     - |     - |     - |     - |     - |     - |     - |      - |      - |      - |      0 |    12 |     1 |     1 |     1 |     1 |     1 |     0 |     0 |     0 |     0 |      0 |      0 |      0 |
| SEQ_0                  |                    - |                    - |                    - |                     - |                     - |                     - |                     - |                     - |                     - |                     - |                     - |                     - |                     - |     - |     - |     - |     - |     - |     - |     - |     - |     - |      - |      - |      - |      - |     0 |    11 |    11 |    11 |    11 |    11 |    12 |    12 |    12 |    12 |     12 |     12 |     12 |
| SEQ_1                  |                    - |                    - |                    - |                     - |                     - |                     - |                     - |                     - |                     - |                     - |                     - |                     - |                     - |     - |     - |     - |     - |     - |     - |     - |     - |     - |      - |      - |      - |      - |     - |     0 |     0 |     0 |     0 |     0 |     1 |     1 |     1 |     1 |      1 |      1 |      1 |
| SEQ_2                  |                    - |                    - |                    - |                     - |                     - |                     - |                     - |                     - |                     - |                     - |                     - |                     - |                     - |     - |     - |     - |     - |     - |     - |     - |     - |     - |      - |      - |      - |      - |     - |     - |     0 |     0 |     0 |     0 |     1 |     1 |     1 |     1 |      1 |      1 |      1 |
| SEQ_3                  |                    - |                    - |                    - |                     - |                     - |                     - |                     - |                     - |                     - |                     - |                     - |                     - |                     - |     - |     - |     - |     - |     - |     - |     - |     - |     - |      - |      - |      - |      - |     - |     - |     - |     0 |     0 |     0 |     1 |     1 |     1 |     1 |      1 |      1 |      1 |
| SEQ_4                  |                    - |                    - |                    - |                     - |                     - |                     - |                     - |                     - |                     - |                     - |                     - |                     - |                     - |     - |     - |     - |     - |     - |     - |     - |     - |     - |      - |      - |      - |      - |     - |     - |     - |     - |     0 |     0 |     1 |     1 |     1 |     1 |      1 |      1 |      1 |
| SEQ_5                  |                    - |                    - |                    - |                     - |                     - |                     - |                     - |                     - |                     - |                     - |                     - |                     - |                     - |     - |     - |     - |     - |     - |     - |     - |     - |     - |      - |      - |      - |      - |     - |     - |     - |     - |     - |     0 |     1 |     1 |     1 |     1 |      1 |      1 |      1 |
| SEQ_6                  |                    - |                    - |                    - |                     - |                     - |                     - |                     - |                     - |                     - |                     - |                     - |                     - |                     - |     - |     - |     - |     - |     - |     - |     - |     - |     - |      - |      - |      - |      - |     - |     - |     - |     - |     - |     - |     0 |     0 |     0 |     0 |      0 |      0 |      0 |
| SEQ_7                  |                    - |                    - |                    - |                     - |                     - |                     - |                     - |                     - |                     - |                     - |                     - |                     - |                     - |     - |     - |     - |     - |     - |     - |     - |     - |     - |      - |      - |      - |      - |     - |     - |     - |     - |     - |     - |     - |     0 |     0 |     0 |      0 |      0 |      0 |
| SEQ_8                  |                    - |                    - |                    - |                     - |                     - |                     - |                     - |                     - |                     - |                     - |                     - |                     - |                     - |     - |     - |     - |     - |     - |     - |     - |     - |     - |      - |      - |      - |      - |     - |     - |     - |     - |     - |     - |     - |     - |     0 |     0 |      0 |      0 |      0 |
| SEQ_9                  |                    - |                    - |                    - |                     - |                     - |                     - |                     - |                     - |                     - |                     - |                     - |                     - |                     - |     - |     - |     - |     - |     - |     - |     - |     - |     - |      - |      - |      - |      - |     - |     - |     - |     - |     - |     - |     - |     - |     - |     0 |      0 |      0 |      0 |
| SEQ_10                 |                    - |                    - |                    - |                     - |                     - |                     - |                     - |                     - |                     - |                     - |                     - |                     - |                     - |     - |     - |     - |     - |     - |     - |     - |     - |     - |      - |      - |      - |      - |     - |     - |     - |     - |     - |     - |     - |     - |     - |     - |      0 |      0 |      0 |
| SEQ_11                 |                    - |                    - |                    - |                     - |                     - |                     - |                     - |                     - |                     - |                     - |                     - |                     - |                     - |     - |     - |     - |     - |     - |     - |     - |     - |     - |      - |      - |      - |      - |     - |     - |     - |     - |     - |     - |     - |     - |     - |     - |      - |      0 |      0 |
| SEQ_12                 |                    - |                    - |                    - |                     - |                     - |                     - |                     - |                     - |                     - |                     - |                     - |                     - |                     - |     - |     - |     - |     - |     - |     - |     - |     - |     - |      - |      - |      - |      - |     - |     - |     - |     - |     - |     - |     - |     - |     - |     - |      - |      - |      0 |


DCJ-indel distance comparisons as PHYLIP matrix:

39
simulated_
simulated_3 
simulated_5 4 
simulated_4 3 5 
simulated_2 1 3 2 
simulated_2 1 3 2 0 
simulated_5 4 6 3 3 3 
simulated_5 4 6 3 3 3 4 
simulated_2 1 3 2 0 0 3 3 
simulated_2 1 3 2 0 0 3 3 0 
simulated_3 2 4 1 1 1 2 2 1 1 
simulated_3 2 4 1 1 1 2 2 1 1 0 
simulated_3 2 4 1 1 1 2 2 1 1 0 0 
MST_1     6 3 7 2 4 4 3 5 4 4 3 3 3 
MST_2     35 36 34 37 37 37 36 35 37 37 37 37 37 36 
MST_3     3 2 4 1 1 1 2 2 1 1 0 0 0 3 37 
MST_4     3 2 4 1 1 1 2 2 1 1 0 0 0 3 37 0 
MST_5     3 2 4 1 1 1 2 2 1 1 0 0 0 3 37 0 0 
MST_6     3 2 4 1 1 1 2 2 1 1 0 0 0 3 37 0 0 0 
MST_7     3 2 4 1 1 1 2 2 1 1 0 0 0 3 37 0 0 0 0 
MST_8     2 1 3 2 0 0 3 3 0 0 1 1 1 4 37 1 1 1 1 1 
MST_9     2 1 3 2 0 0 3 3 0 0 1 1 1 4 37 1 1 1 1 1 0 
MST_10    2 1 3 2 0 0 3 3 0 0 1 1 1 4 37 1 1 1 1 1 0 0 
MST_11    2 1 3 2 0 0 3 3 0 0 1 1 1 4 37 1 1 1 1 1 0 0 0 
MST_12    2 1 3 2 0 0 3 3 0 0 1 1 1 4 37 1 1 1 1 1 0 0 0 0 
MST_13    2 1 3 2 0 0 3 3 0 0 1 1 1 4 37 1 1 1 1 1 0 0 0 0 0 
SEQ_0     10 11 9 10 12 12 9 9 12 12 11 11 11 8 28 11 11 11 11 11 12 12 12 12 12 12 
SEQ_1     3 2 4 1 1 1 2 2 1 1 0 0 0 3 37 0 0 0 0 0 1 1 1 1 1 1 11 
SEQ_2     3 2 4 1 1 1 2 2 1 1 0 0 0 3 37 0 0 0 0 0 1 1 1 1 1 1 11 0 
SEQ_3     3 2 4 1 1 1 2 2 1 1 0 0 0 3 37 0 0 0 0 0 1 1 1 1 1 1 11 0 0 
SEQ_4     3 2 4 1 1 1 2 2 1 1 0 0 0 3 37 0 0 0 0 0 1 1 1 1 1 1 11 0 0 0 
SEQ_5     3 2 4 1 1 1 2 2 1 1 0 0 0 3 37 0 0 0 0 0 1 1 1 1 1 1 11 0 0 0 0 
SEQ_6     2 1 3 2 0 0 3 3 0 0 1 1 1 4 37 1 1 1 1 1 0 0 0 0 0 0 12 1 1 1 1 1 
SEQ_7     2 1 3 2 0 0 3 3 0 0 1 1 1 4 37 1 1 1 1 1 0 0 0 0 0 0 12 1 1 1 1 1 0 
SEQ_8     2 1 3 2 0 0 3 3 0 0 1 1 1 4 37 1 1 1 1 1 0 0 0 0 0 0 12 1 1 1 1 1 0 0 
SEQ_9     2 1 3 2 0 0 3 3 0 0 1 1 1 4 37 1 1 1 1 1 0 0 0 0 0 0 12 1 1 1 1 1 0 0 0 
SEQ_10    2 1 3 2 0 0 3 3 0 0 1 1 1 4 37 1 1 1 1 1 0 0 0 0 0 0 12 1 1 1 1 1 0 0 0 0 
SEQ_11    2 1 3 2 0 0 3 3 0 0 1 1 1 4 37 1 1 1 1 1 0 0 0 0 0 0 12 1 1 1 1 1 0 0 0 0 0 
SEQ_12    2 1 3 2 0 0 3 3 0 0 1 1 1 4 37 1 1 1 1 1 0 0 0 0 0 0 12 1 1 1 1 1 0 0 0 0 0 0 


Adjacencies of each genome comparison after each step:

