Data generated by UniMoG (http://http://bibiserv.cebitec.uni-bielefeld.de/dcj?id=dcj_unimog)

Input:

>simulated_k8_l200_7
 0 1 2 3 4 5 | 63 64 65 66 67 68 69 70 71 72 73 | 35 123 124 125 126 127 | 60 83 84 85 86 87 88 89 90 91 92 93 94 95 96 97 98 99 100 101 102 103 104 105 106 107 108 109 110 111 112 113 114 | 74 75 76 77 78 79 80 81 | 122 36 37 | 40 41 | 8 61 62 | 51 52 53 54 55 56 | 27 28 29 30 31 32 33 34 | 186 129 130 131 132 133 134 135 136 137 138 139 140 141 | 47 48 49 50 | 142 143 144 145 146 147 148 149 150 151 152 | 162 163 164 165 166 167 168 169 170 171 172 173 174 | 38 39 | 159 160 161 | 194 195 196 197 198 199 | 21 22 23 24 25 26 | 119 120 121 | 6 7 | 115 116 117 118 | 82 9 10 11 12 13 14 15 16 17 18 19 20 | 180 181 182 183 184 185 | 42 43 44 | 128 187 188 189 190 191 192 193 | 45 46 | 175 176 177 178 179 | 153 154 155 156 157 158 | 57 58 59 |
>simulated_k8_l200_8
 0 1 2 3 4 5 | 63 64 | 35 123 124 125 126 127 | 60 83 84 85 86 87 88 89 90 91 92 93 94 95 96 97 98 99 100 101 102 103 104 105 106 107 108 109 110 111 112 113 114 | 74 75 76 77 78 79 80 81 | 122 36 37 | 40 41 | 8 61 62 | 51 52 53 54 55 56 57 58 59 | 27 28 29 30 31 32 33 34 | 186 129 | 47 48 49 50 | 142 143 144 145 146 147 148 149 150 151 152 | 162 163 164 165 166 167 168 169 170 171 172 173 174 | 38 39 | 159 160 161 | 194 195 196 197 198 199 | 21 22 23 24 25 26 | 119 120 121 | 6 7 | 115 116 117 118 | 82 9 10 11 12 13 14 15 16 17 18 19 20 | 180 181 182 183 184 185 | 42 43 44 | 128 187 188 189 190 191 192 193 | 45 46 | 175 176 177 178 179 | 153 154 155 156 157 158 | 130 131 132 133 134 135 136 137 138 139 140 141 | 65 66 67 68 69 70 71 72 73 |
>simulated_k8_l200_9
 0 1 2 3 4 5 6 | 162 163 164 165 166 167 168 | 134 135 136 | 131 170 171 172 | 160 10 11 12 13 14 15 16 17 18 19 20 21 22 | 98 99 100 | 104 191 192 193 194 195 196 197 198 199 | 74 75 76 | 190 105 106 107 108 109 110 111 112 113 114 115 116 | 137 132 133 | 148 149 | 42 43 44 45 46 47 48 49 | 169 142 143 144 145 146 147 | 173 174 175 176 177 178 179 | 117 118 119 120 121 122 123 124 125 126 127 128 129 130 | 152 153 154 155 156 157 158 159 | 180 181 182 183 184 185 | 141 138 139 140 | 101 102 103 | 150 151 | 186 187 188 189 | 77 78 79 80 | 23 24 25 26 27 28 29 30 31 32 33 34 35 36 37 38 39 40 41 | 50 51 52 | 53 54 55 56 57 58 59 60 61 | 62 63 64 65 66 67 68 69 70 71 72 73 | 7 8 | 9 161 | 81 82 83 84 85 86 87 88 89 90 91 92 93 94 95 96 97 |
>simulated_k8_l200_10
 0 1 2 3 4 5 6 | 162 163 164 165 166 167 168 | 134 135 136 | 131 170 171 172 | 160 10 11 12 13 14 15 16 17 18 19 20 21 22 | 98 99 100 | 104 191 192 193 194 195 196 197 198 199 | 74 75 76 | 190 105 106 107 108 109 110 111 112 113 114 115 116 | 137 132 133 | 148 149 | 42 43 44 45 46 47 48 49 | 169 142 143 144 145 146 147 | 173 174 175 176 177 178 179 | 117 118 119 120 121 122 123 124 125 126 127 128 129 130 | 152 153 154 155 156 157 158 159 | 180 181 182 183 184 185 | 141 138 139 140 | 101 102 103 | 150 151 | 186 187 188 189 | 77 78 79 80 81 82 83 84 85 86 87 88 89 90 91 92 93 94 95 96 97 | 23 24 25 26 27 28 29 30 31 32 33 34 35 36 37 38 39 40 41 | 50 51 52 | 53 54 55 56 57 58 59 60 61 | 62 63 64 65 66 67 68 69 70 71 72 73 | 7 8 | 9 161 |
>simulated_k8_l200_11
 0 1 2 3 4 5 | 63 64 65 66 67 68 69 70 71 72 73 | 35 123 124 125 126 127 | 60 83 84 85 86 87 88 89 90 | 74 75 76 77 78 79 80 81 | 122 36 37 | 40 41 | 8 61 62 | 51 52 53 54 55 56 57 58 59 | 27 28 29 | 186 129 130 131 132 133 134 135 136 137 138 139 140 141 | 47 48 49 50 | 142 143 144 145 146 147 148 149 150 151 152 | 162 163 164 165 166 167 168 169 170 171 172 173 174 | 38 39 | 159 160 161 | 194 195 196 197 198 199 | 21 22 23 24 25 26 | 119 120 121 | 6 7 | 115 116 117 118 | 82 9 10 11 12 13 14 15 16 17 18 19 20 | 180 181 182 183 184 185 | 42 43 44 | 128 187 188 189 190 191 192 193 | 45 46 | 175 176 | 153 154 155 156 157 158 | 30 31 32 33 34 | 177 178 179 | 91 92 93 94 95 96 97 98 99 100 101 102 103 104 105 106 107 108 109 110 111 112 113 114 |
>simulated_k8_l200_12
 0 1 2 3 4 5 | 63 64 65 66 67 68 69 70 71 72 73 | 35 123 124 125 126 127 | 60 83 84 85 86 87 88 89 90 | 74 75 76 77 78 79 80 81 | 122 36 37 | 40 41 | 8 61 62 | 51 52 53 54 55 56 57 58 59 | 27 28 29 | 186 129 130 131 132 133 134 135 136 137 138 139 140 141 | 47 48 49 50 | 142 143 144 145 146 147 148 149 150 151 152 | 162 163 164 165 166 167 168 169 170 171 172 173 174 | 38 39 | 159 160 161 | 194 195 196 197 198 199 | 21 22 23 24 25 26 | 119 120 121 | 6 7 | 115 116 117 118 | 82 9 10 11 12 13 14 15 16 17 18 19 20 | 180 181 182 183 184 185 | 42 43 44 | 128 187 188 189 190 191 192 193 | 45 46 | 175 176 | 153 154 155 156 157 158 | 30 31 32 33 34 | 177 178 179 | 91 92 93 94 95 96 97 98 99 100 101 102 103 104 105 106 107 108 109 110 111 112 113 114 |
>simulated_k8_l200_13
 0 9 10 11 12 | 162 163 164 165 166 167 168 | 134 135 136 | 131 170 171 172 | 160 22 23 24 25 | 98 99 100 | 104 105 106 107 108 109 110 111 112 113 114 115 116 | 74 75 | 190 191 192 193 194 195 196 197 198 199 | 137 132 133 | 148 31 32 33 34 35 | 42 43 44 45 46 47 48 49 50 51 52 53 54 55 56 57 58 59 60 61 62 63 64 65 66 67 68 69 70 71 72 73 | 169 142 143 144 145 146 147 | 173 174 175 176 177 178 179 | 117 118 119 120 121 122 123 124 125 126 127 128 129 130 | 152 153 154 155 156 157 158 159 | 180 181 182 183 184 185 186 187 | 141 138 139 140 | 30 149 | 21 161 | 101 102 103 | 81 189 | 150 151 | 26 27 28 29 | 188 82 83 84 85 86 87 88 89 90 91 92 93 94 95 96 97 | 13 14 15 16 17 18 19 20 | 76 77 78 79 80 | 36 37 38 39 40 41 | 8 1 2 3 4 5 6 7 |
>simulated_k8_l200_14
 0 9 10 11 12 | 162 163 164 165 166 167 168 | 134 135 136 | 131 170 171 172 | 160 22 23 24 25 | 98 99 100 | 104 105 106 107 108 109 110 111 112 113 114 115 116 | 74 75 | 190 191 192 193 194 195 196 197 198 199 | 137 132 133 | 148 31 32 33 34 35 | 42 43 44 45 46 47 48 49 50 51 52 53 54 55 56 57 58 59 60 61 62 63 64 65 66 67 68 69 70 71 72 73 | 169 142 143 144 145 146 147 | 173 174 175 176 177 178 179 | 117 118 119 120 121 122 123 124 125 126 127 128 129 130 | 152 153 154 155 156 157 158 159 | 180 181 182 183 184 185 186 187 | 141 138 139 140 | 30 149 | 21 161 | 101 102 103 | 81 189 | 150 151 | 26 27 28 29 | 188 82 83 84 85 86 87 88 89 90 91 92 93 94 95 96 97 | 13 14 15 16 17 18 19 20 | 76 77 78 79 80 | 36 37 38 39 40 41 | 8 1 2 3 4 5 6 7 |
>MST_1
 7 6 5 4 3 2 1 8 61 62 63 64 65 66 67 68 69 70 71 72 |
>MST_2
 0 1 8 61 62 63 64 65 66 67 68 69 70 71 72 |
>MST_3
 42 43 44 45 46 47 48 49 50 51 52 53 54 55 56 57 58 59 60 61 62 63 64 65 66 67 68 69 70 71 72 |
>MST_4
 41 40 39 38 37 36 122 121 120 119 118 117 116 115 114 113 112 111 110 109 108 107 106 105 104 103 102 101 100 99 98 97 96 95 94 93 92 91 90 89 88 87 86 85 84 83 60 61 62 63 64 65 66 67 68 69 70 71 72 |
>MST_5
 136 135 134 133 132 131 130 129 128 127 126 125 124 123 122 121 120 119 118 117 116 115 114 113 112 111 110 109 108 107 106 105 104 103 102 101 100 99 98 97 96 95 94 93 92 91 90 89 88 87 86 85 84 83 60 61 62 |
>MST_6
 140 139 138 137 132 131 130 129 128 127 126 125 124 123 122 121 120 119 118 117 116 115 114 113 112 111 110 109 108 107 106 105 104 103 102 101 100 99 98 97 96 95 94 93 92 91 90 89 88 87 86 85 84 83 60 61 62 |
>MST_7
 141 138 137 132 131 130 129 128 127 126 125 124 123 122 121 120 119 118 117 116 115 114 113 112 111 110 109 108 107 106 105 104 103 102 101 100 99 98 97 96 95 94 93 92 91 90 89 88 87 86 85 84 83 60 | 170 171 |
>MST_8
 179 178 177 176 175 174 173 172 171 170 131 130 129 128 127 126 125 124 123 122 | 10 160 22 | 31 148 |
>MST_9
 161 160 159 158 157 156 155 154 153 152 151 150 149 148 147 146 145 144 143 142 169 170 131 | 72 73 | 74 75 | 162 163 164 165 166 167 168 | 77 78 79 80 | 13 14 15 16 17 18 19 20 | 23 24 25 | 31 32 33 34 | 27 28 29 | 180 181 182 183 184 185 | 10 11 12 | 194 195 196 197 198 199 | 128 187 | 104 191 192 193 | 0 9 | 82 188 |
>MST_10
 162 163 164 165 166 167 168 169 170 131 | 72 73 | 40 41 | 132 133 | 74 75 | 47 48 49 | 42 43 44 | 134 135 136 | 38 39 | 177 178 179 | 173 174 | 77 78 79 80 | 13 14 15 16 17 18 19 20 | 45 46 | 51 52 | 142 143 144 145 146 147 | 23 24 25 | 138 139 140 | 175 176 | 171 172 | 57 58 59 | 53 54 55 56 | 27 28 29 | 1 2 3 4 5 | 180 181 182 183 184 185 | 153 154 155 156 157 158 | 150 151 | 36 37 | 194 195 196 197 198 199 | 128 187 | 104 191 192 193 | 0 9 | 22 160 10 11 12 | 82 188 | 148 31 32 33 34 |
>MST_11
 180 181 182 183 184 185 186 129 | 72 73 | 40 41 | 132 133 | 170 171 172 | 74 75 76 77 78 79 80 | 47 48 49 | 42 43 44 | 162 163 164 165 166 167 168 | 134 135 136 | 38 39 | 177 178 179 | 173 174 | 45 46 | 51 52 | 142 143 144 145 146 147 | 138 139 140 | 175 176 | 53 54 55 56 57 58 59 | 27 28 29 | 1 2 3 4 5 | 153 154 155 156 157 158 | 150 151 | 194 195 196 197 198 199 | 21 22 23 24 25 26 | 128 187 188 189 81 | 105 190 191 192 193 | 35 36 37 | 161 9 10 11 12 13 14 15 16 17 18 19 20 | 149 30 31 32 33 34 |
>MST_12
 199 198 197 196 195 194 193 192 191 190 189 188 187 128 | 72 73 | 40 41 | 132 133 | 74 75 76 77 78 79 80 81 | 47 48 49 50 | 42 43 44 | 162 163 164 165 166 167 168 | 134 135 136 | 38 39 | 173 174 | 45 46 | 51 52 53 54 55 56 57 58 59 | 142 143 144 145 146 147 | 138 139 140 | 175 176 177 178 179 | 27 28 29 | 180 181 182 183 184 185 | 153 154 155 156 157 158 | 150 151 | 21 22 23 24 25 26 | 148 149 30 31 32 33 34 | 0 1 2 3 4 5 | 6 7 | 82 9 10 11 12 13 14 15 16 17 18 19 20 | 169 170 171 172 | 35 36 37 |
>MST_13
 40 41 | 74 75 76 77 78 79 80 81 | 47 48 49 50 | 42 43 44 | 162 163 164 165 166 167 168 | 134 135 136 137 132 133 | 38 39 | 173 174 | 45 46 | 51 52 53 54 55 56 57 58 59 | 142 143 144 145 146 147 | 138 139 140 141 | 175 176 177 178 179 | 180 181 182 183 184 185 | 153 154 155 156 157 158 | 150 151 | 36 37 | 194 195 196 197 198 199 | 148 149 | 0 1 2 3 4 5 | 6 7 | 190 191 192 193 | 105 106 107 108 109 110 111 112 113 114 | 83 84 85 86 87 88 89 90 | 115 116 | 119 120 121 | 117 118 | 91 92 93 94 95 96 97 | 63 64 | 101 102 103 | 65 66 67 68 69 70 71 72 73 | 98 99 100 | 186 187 188 189 | 82 9 10 11 12 13 14 15 16 17 18 19 20 | 169 170 171 172 | 161 21 22 23 24 25 26 27 28 29 30 31 32 33 34 35 123 124 125 126 127 |
>MST_14
 20 19 18 17 16 15 14 13 12 11 10 9 82 83 84 85 86 87 88 89 90 | 132 133 134 135 136 137 | 170 171 172 173 174 175 176 177 178 179 | 74 75 76 77 78 79 80 81 | 42 43 44 45 46 47 48 49 50 51 52 53 54 55 56 57 58 59 60 | 162 163 164 165 166 167 168 169 142 143 144 145 146 147 148 149 150 151 152 153 154 155 156 157 158 159 160 161 21 22 23 24 25 26 27 28 29 30 31 32 33 34 35 123 124 125 126 127 | 138 139 140 141 | 180 181 182 183 184 185 | 0 1 2 3 4 5 6 7 | 105 106 107 108 109 110 111 112 113 114 | 115 116 | 119 120 121 | 117 118 | 91 92 93 94 95 96 97 | 63 64 65 66 67 68 69 70 71 72 73 | 101 102 103 | 98 99 100 | 186 187 188 189 190 191 192 193 194 195 196 197 198 199 | 129 130 | 122 36 37 38 39 40 41 |
>MST_15
 74 75 76 77 78 79 80 81 82 83 84 85 86 87 88 89 90 91 92 93 94 95 96 97 | 132 133 134 135 136 137 138 139 140 141 | 170 171 172 173 174 175 176 177 178 179 | 42 43 44 45 46 47 48 49 50 51 52 53 54 55 56 57 58 59 60 | 162 163 164 165 166 167 168 169 142 143 144 145 146 147 148 149 150 151 152 153 154 155 156 157 158 159 160 161 9 10 11 12 13 14 15 16 17 18 19 20 21 22 23 24 25 26 27 28 29 30 31 32 33 34 35 123 124 125 126 127 | 180 181 182 183 184 185 | 0 1 2 3 4 5 6 7 8 61 | 115 116 | 119 120 121 | 117 118 | 63 64 65 66 67 68 69 70 71 72 73 | 101 102 103 | 98 99 100 | 186 187 188 189 190 191 192 193 194 195 196 197 198 199 | 129 130 | 122 36 37 38 39 40 41 | 104 105 106 107 108 109 110 111 112 113 114 |
>MST_16
 73 72 71 | 170 171 172 173 174 175 176 177 178 179 | 74 75 76 77 78 79 80 81 82 9 10 11 12 13 14 15 16 17 18 19 20 21 22 23 24 25 26 27 28 29 30 31 32 33 34 35 123 124 125 126 127 | 42 43 44 45 46 47 48 49 50 51 52 53 54 55 56 57 58 59 60 | 162 163 164 165 166 167 168 169 142 143 144 145 146 147 148 149 150 151 152 153 154 155 156 157 158 159 160 161 | 180 181 182 183 184 185 186 187 188 189 190 191 192 193 194 195 196 197 198 199 | 0 1 2 3 4 5 6 7 8 61 | 83 84 85 86 87 88 89 90 91 92 93 94 95 96 97 | 115 116 | 119 120 121 | 117 118 | 63 64 65 66 67 68 69 70 | 101 102 103 | 98 99 100 | 129 130 | 122 36 37 38 39 40 41 | 104 105 106 107 108 109 110 111 112 113 114 | 131 132 133 134 135 136 137 138 139 140 141 |
>SEQ_0
 40 41 | 74 75 | 47 48 49 | 42 43 44 | 162 163 164 165 166 167 168 | 134 135 136 | 38 39 | 177 178 179 | 173 174 | 77 78 79 80 | 13 14 15 16 17 18 19 20 | 45 46 | 51 52 | 23 24 25 | 115 116 | 175 176 | 57 58 59 | 53 54 55 56 | 27 28 29 | 119 120 121 | 180 181 182 183 184 185 | 153 154 155 156 157 158 | 117 118 | 150 151 | 91 92 93 94 95 96 97 | 36 37 | 63 64 | 101 102 103 | 65 66 67 68 69 70 71 72 73 | 194 195 196 197 198 199 | 98 99 100 | 137 132 133 | 131 170 171 172 | 141 138 139 140 | 60 61 | 186 187 | 122 123 124 125 126 127 | 128 129 | 169 142 143 144 145 146 147 | 104 191 192 193 | 190 105 106 107 108 109 110 111 112 113 114 | 8 1 2 3 4 5 | 0 9 | 22 160 10 11 12 | 188 82 83 84 85 86 87 88 89 90 | 148 31 32 33 34 |
>SEQ_1
 40 41 | 74 75 | 47 48 49 | 42 43 44 | 162 163 164 165 166 167 168 | 134 135 136 | 38 39 | 177 178 179 | 173 174 | 77 78 79 80 | 13 14 15 16 17 18 19 20 | 45 46 | 51 52 | 23 24 25 | 115 116 | 175 176 | 53 54 55 56 57 58 59 | 27 28 29 | 119 120 121 | 180 181 182 183 184 185 | 153 154 155 156 157 158 | 117 118 | 150 151 | 91 92 93 94 95 96 97 | 36 37 | 63 64 65 66 67 68 69 70 71 72 73 | 101 102 103 | 194 195 196 197 198 199 | 98 99 100 | 137 132 133 | 131 170 171 172 | 141 138 139 140 | 60 61 | 186 187 | 122 123 124 125 126 127 | 128 129 130 | 169 142 143 144 145 146 147 | 104 191 192 193 | 190 105 106 107 108 109 110 111 112 113 114 | 8 1 2 3 4 5 | 0 9 | 22 160 10 11 12 | 188 82 83 84 85 86 87 88 89 90 | 148 31 32 33 34 |
>SEQ_2
 40 41 | 74 75 76 77 78 79 80 | 47 48 49 50 | 42 43 44 | 162 163 164 165 166 167 168 | 134 135 136 | 38 39 | 173 174 | 45 46 | 51 52 53 54 55 56 57 58 59 | 115 116 | 175 176 177 178 179 | 27 28 29 | 119 120 121 | 180 181 182 183 184 185 | 153 154 155 156 157 158 | 117 118 | 150 151 | 63 64 65 66 67 68 69 70 71 72 73 | 101 102 103 | 194 195 196 197 198 199 | 98 99 100 | 104 105 106 107 108 109 110 111 112 113 114 | 21 22 23 24 25 26 | 148 149 30 31 32 33 34 | 0 1 2 3 4 5 | 6 7 | 190 191 192 193 | 137 132 133 | 82 83 84 85 86 87 88 89 90 91 92 93 94 95 96 97 | 131 170 171 172 | 141 138 139 140 | 60 61 62 | 186 187 188 189 81 | 122 123 124 125 126 127 | 128 129 130 | 169 142 143 144 145 146 147 | 35 36 37 | 161 9 10 11 12 13 14 15 16 17 18 19 20 |
>SEQ_3
 40 41 | 74 75 76 77 78 79 80 81 | 47 48 49 50 | 42 43 44 | 162 163 164 165 166 167 168 | 134 135 136 | 38 39 | 173 174 | 45 46 | 51 52 53 54 55 56 57 58 59 | 115 116 | 175 176 177 178 179 | 27 28 29 | 119 120 121 | 180 181 182 183 184 185 | 153 154 155 156 157 158 | 117 118 | 150 151 | 63 64 65 66 67 68 69 70 71 72 73 | 101 102 103 | 194 195 196 197 198 199 | 98 99 100 | 104 105 106 107 108 109 110 111 112 113 114 | 21 22 23 24 25 26 | 148 149 30 31 32 33 34 | 0 1 2 3 4 5 | 6 7 | 190 191 192 193 | 137 132 133 | 82 83 84 85 86 87 88 89 90 91 92 93 94 95 96 97 | 131 170 171 172 | 141 138 139 140 | 60 61 62 | 186 187 188 189 | 122 123 124 125 126 127 | 128 129 130 | 169 142 143 144 145 146 147 | 35 36 37 | 161 9 10 11 12 13 14 15 16 17 18 19 20 |
>SEQ_4
 74 75 76 77 78 79 80 81 | 42 43 44 45 46 47 48 49 50 51 52 53 54 55 56 57 58 59 60 83 84 85 86 87 88 89 90 91 92 93 94 95 96 97 98 99 100 101 102 103 104 105 106 107 108 109 110 111 112 113 114 115 116 117 118 119 120 121 122 36 37 38 39 40 41 | 162 163 164 165 166 167 168 169 170 171 172 173 174 175 176 177 178 179 | 142 143 144 145 146 147 148 149 150 151 152 153 154 155 156 157 158 159 160 161 21 22 23 24 25 26 27 28 29 30 31 32 33 34 35 123 124 125 126 127 128 187 188 189 190 191 192 193 194 195 196 197 198 199 | 180 181 182 183 184 185 | 0 1 2 3 4 5 6 7 | 8 61 62 63 64 65 66 67 68 69 70 71 72 73 | 186 129 130 131 132 133 134 135 136 137 138 139 140 141 | 82 9 10 11 12 13 14 15 16 17 18 19 20 |
>SEQ_5
 74 75 76 77 78 79 80 81 | 42 43 44 45 46 47 48 49 50 51 52 53 54 55 56 57 58 59 60 83 84 85 86 87 88 89 90 91 92 93 94 95 96 97 98 99 100 101 102 103 104 105 106 107 108 109 110 111 112 113 114 115 116 117 118 119 120 121 122 36 37 38 39 40 41 | 162 163 164 165 166 167 168 169 170 171 172 173 174 175 176 177 178 179 | 142 143 144 145 146 147 148 149 150 151 152 153 154 155 156 157 158 159 160 161 21 22 23 24 25 26 27 28 29 30 31 32 33 34 35 123 124 125 126 127 128 187 188 189 190 191 192 193 194 195 196 197 198 199 | 180 181 182 183 184 185 | 0 1 2 3 4 5 6 7 | 8 61 62 63 64 65 66 67 68 69 70 71 72 73 | 186 129 130 131 132 133 134 135 136 137 138 139 140 141 | 82 9 10 11 12 13 14 15 16 17 18 19 20 |
>SEQ_6
 74 75 76 77 78 79 80 81 82 9 10 11 12 13 14 15 16 17 18 19 20 21 22 23 24 25 26 27 28 29 30 31 32 33 34 35 123 124 125 126 127 128 187 188 189 190 191 192 193 194 195 196 197 198 199 | 42 43 44 45 46 47 48 49 50 51 52 53 54 55 56 57 58 59 60 83 84 85 86 87 88 89 90 91 92 93 94 95 96 97 98 99 100 101 102 103 104 105 106 107 108 109 110 111 112 113 114 115 116 117 118 119 120 121 122 36 37 38 39 40 41 | 162 163 164 165 166 167 168 169 170 171 172 173 174 175 176 177 178 179 | 142 143 144 145 146 147 148 149 150 151 152 153 154 155 156 157 158 159 160 161 | 180 181 182 183 184 185 186 129 130 131 132 133 134 135 136 137 138 139 140 141 | 0 1 2 3 4 5 6 7 8 61 62 63 64 65 66 67 68 69 70 71 72 73 |
>SEQ_7
 74 75 76 77 78 79 80 81 82 9 10 11 12 13 14 15 16 17 18 19 20 21 22 23 24 25 26 27 28 29 30 31 32 33 34 35 123 124 125 126 127 128 187 188 189 190 191 192 193 194 195 196 197 198 199 | 42 43 44 45 46 47 48 49 50 51 52 53 54 55 56 57 58 59 60 83 84 85 86 87 88 89 90 91 92 93 94 95 96 97 98 99 100 101 102 103 104 105 106 107 108 109 110 111 112 113 114 115 116 117 118 119 120 121 122 36 37 38 39 40 41 | 162 163 164 165 166 167 168 169 170 171 172 173 174 175 176 177 178 179 | 142 143 144 145 146 147 148 149 150 151 152 153 154 155 156 157 158 159 160 161 | 180 181 182 183 184 185 186 129 130 131 132 133 134 135 136 137 138 139 140 141 | 0 1 2 3 4 5 6 7 8 61 62 63 64 65 66 67 68 69 70 71 72 73 |

Output:


DCJ-indel distance comparisons:
_____________________________________________________________________________________________________________________________________________________________________________________________________________________________________________________________________________________________________________________________________________________________________________________________________________________
|                       | simulated_k8_l200_7 | simulated_k8_l200_8 | simulated_k8_l200_9 | simulated_k8_l200_10 | simulated_k8_l200_11 | simulated_k8_l200_12 | simulated_k8_l200_13 | simulated_k8_l200_14 | MST_1 | MST_2 | MST_3 | MST_4 | MST_5 | MST_6 | MST_7 | MST_8 | MST_9 | MST_10 | MST_11 | MST_12 | MST_13 | MST_14 | MST_15 | MST_16 | SEQ_0 | SEQ_1 | SEQ_2 | SEQ_3 | SEQ_4 | SEQ_5 | SEQ_6 | SEQ_7 | 
| simulated_k8_l200_7   |                   0 |                   3 |                  55 |                   54 |                    4 |                    4 |                   55 |                   55 |    35 |    30 |    30 |    71 |    80 |    80 |    79 |    52 |    51 |     36 |     30 |     33 |     24 |     40 |     29 |     31 |    46 |    45 |    28 |    27 |    20 |    20 |    23 |    23 |
| simulated_k8_l200_8   |                   - |                   0 |                  56 |                   55 |                    5 |                    5 |                   56 |                   56 |    36 |    31 |    31 |    72 |    80 |    80 |    79 |    52 |    52 |     39 |     30 |     34 |     23 |     41 |     30 |     32 |    45 |    46 |    29 |    28 |    21 |    21 |    24 |    24 |
| simulated_k8_l200_9   |                   - |                   - |                   0 |                    1 |                   57 |                   57 |                   22 |                   22 |    36 |    31 |    29 |    74 |    80 |    80 |    78 |    50 |    52 |     41 |     41 |     50 |     39 |     46 |     30 |     34 |    38 |    35 |    33 |    33 |    36 |    36 |    34 |    34 |
| simulated_k8_l200_10  |                   - |                   - |                   - |                    0 |                   56 |                   56 |                   23 |                   23 |    35 |    30 |    28 |    73 |    79 |    79 |    77 |    49 |    52 |     41 |     41 |     49 |     38 |     45 |     29 |     33 |    39 |    36 |    33 |    32 |    35 |    35 |    33 |    33 |
| simulated_k8_l200_11  |                   - |                   - |                   - |                    - |                    0 |                    0 |                   55 |                   55 |    37 |    32 |    32 |    72 |    81 |    81 |    80 |    53 |    52 |     37 |     28 |     33 |     24 |     40 |     31 |     33 |    44 |    41 |    28 |    27 |    22 |    22 |    25 |    25 |
| simulated_k8_l200_12  |                   - |                   - |                   - |                    - |                    - |                    0 |                   55 |                   55 |    37 |    32 |    32 |    72 |    81 |    81 |    80 |    53 |    52 |     37 |     28 |     33 |     24 |     40 |     31 |     33 |    44 |    41 |    28 |    27 |    22 |    22 |    25 |    25 |
| simulated_k8_l200_13  |                   - |                   - |                   - |                    - |                    - |                    - |                    0 |                    0 |    37 |    32 |    29 |    72 |    79 |    79 |    77 |    50 |    48 |     40 |     43 |     48 |     41 |     48 |     37 |     40 |    33 |    30 |    34 |    34 |    37 |    37 |    36 |    36 |
| simulated_k8_l200_14  |                   - |                   - |                   - |                    - |                    - |                    - |                    - |                    0 |    37 |    32 |    29 |    72 |    79 |    79 |    77 |    50 |    48 |     40 |     43 |     48 |     41 |     48 |     37 |     40 |    33 |    30 |    34 |    34 |    37 |    37 |    36 |    36 |
| MST_1                 |                   - |                   - |                   - |                    - |                    - |                    - |                    - |                    - |     0 |     2 |     2 |     2 |     3 |     3 |     3 |     4 |    17 |     41 |     36 |     34 |     43 |     28 |     25 |     27 |    54 |    52 |    47 |    47 |    16 |    16 |    13 |    13 |
| MST_2                 |                   - |                   - |                   - |                    - |                    - |                    - |                    - |                    - |     - |     0 |     2 |     2 |     3 |     3 |     3 |     4 |    18 |     38 |     33 |     29 |     38 |     22 |     19 |     21 |    50 |    48 |    41 |    41 |    10 |    10 |     7 |     7 |
| MST_3                 |                   - |                   - |                   - |                    - |                    - |                    - |                    - |                    - |     - |     - |     0 |     2 |     3 |     3 |     4 |     4 |    17 |     37 |     32 |     28 |     37 |     21 |     19 |     21 |    48 |    46 |    39 |    39 |    10 |    10 |     7 |     7 |
| MST_4                 |                   - |                   - |                   - |                    - |                    - |                    - |                    - |                    - |     - |     - |     - |     0 |     3 |     3 |     4 |     5 |    19 |     41 |     37 |     32 |     72 |     60 |     59 |     60 |    84 |    82 |    77 |    77 |    57 |    57 |    54 |    54 |
| MST_5                 |                   - |                   - |                   - |                    - |                    - |                    - |                    - |                    - |     - |     - |     - |     - |     0 |     2 |     4 |     5 |    21 |     42 |     37 |     32 |     78 |     65 |     64 |     66 |    91 |    89 |    83 |    83 |    65 |    65 |    62 |    62 |
| MST_6                 |                   - |                   - |                   - |                    - |                    - |                    - |                    - |                    - |     - |     - |     - |     - |     - |     0 |     4 |     5 |    21 |     42 |     37 |     32 |     77 |     64 |     64 |     66 |    91 |    89 |    83 |    83 |    65 |    65 |    62 |    62 |
| MST_7                 |                   - |                   - |                   - |                    - |                    - |                    - |                    - |                    - |     - |     - |     - |     - |     - |     - |     0 |     7 |    21 |     44 |     37 |     33 |     77 |     62 |     61 |     63 |    89 |    87 |    82 |    82 |    64 |    64 |    61 |    61 |
| MST_8                 |                   - |                   - |                   - |                    - |                    - |                    - |                    - |                    - |     - |     - |     - |     - |     - |     - |     - |     0 |    22 |     47 |     43 |     42 |     55 |     41 |     38 |     39 |    63 |    61 |    58 |    58 |    34 |    34 |    31 |    31 |
| MST_9                 |                   - |                   - |                   - |                    - |                    - |                    - |                    - |                    - |     - |     - |     - |     - |     - |     - |     - |     - |     0 |     37 |     46 |     53 |     57 |     63 |     51 |     54 |    54 |    52 |    57 |    58 |    43 |    43 |    46 |    46 |
| MST_10                |                   - |                   - |                   - |                    - |                    - |                    - |                    - |                    - |     - |     - |     - |     - |     - |     - |     - |     - |     - |      0 |     22 |     33 |     39 |     60 |     52 |     53 |    23 |    23 |    37 |    38 |    49 |    49 |    52 |    52 |
| MST_11                |                   - |                   - |                   - |                    - |                    - |                    - |                    - |                    - |     - |     - |     - |     - |     - |     - |     - |     - |     - |      - |      0 |     26 |     31 |     54 |     42 |     47 |    37 |    36 |    25 |    26 |    42 |    42 |    42 |    42 |
| MST_12                |                   - |                   - |                   - |                    - |                    - |                    - |                    - |                    - |     - |     - |     - |     - |     - |     - |     - |     - |     - |      - |      - |      0 |     32 |     59 |     49 |     53 |    49 |    47 |    31 |    30 |    40 |    40 |    43 |    43 |
| MST_13                |                   - |                   - |                   - |                    - |                    - |                    - |                    - |                    - |     - |     - |     - |     - |     - |     - |     - |     - |     - |      - |      - |      - |      0 |     36 |     30 |     33 |    33 |    33 |    18 |    17 |    36 |    36 |    40 |    40 |
| MST_14                |                   - |                   - |                   - |                    - |                    - |                    - |                    - |                    - |     - |     - |     - |     - |     - |     - |     - |     - |     - |      - |      - |      - |      - |      0 |     17 |     24 |    63 |    60 |    46 |    45 |    30 |    30 |    34 |    34 |
| MST_15                |                   - |                   - |                   - |                    - |                    - |                    - |                    - |                    - |     - |     - |     - |     - |     - |     - |     - |     - |     - |      - |      - |      - |      - |      - |      0 |      7 |    55 |    52 |    35 |    34 |    20 |    20 |    18 |    18 |
| MST_16                |                   - |                   - |                   - |                    - |                    - |                    - |                    - |                    - |     - |     - |     - |     - |     - |     - |     - |     - |     - |      - |      - |      - |      - |      - |      - |      0 |    60 |    57 |    41 |    40 |    22 |    22 |    18 |    18 |
| SEQ_0                 |                   - |                   - |                   - |                    - |                    - |                    - |                    - |                    - |     - |     - |     - |     - |     - |     - |     - |     - |     - |      - |      - |      - |      - |      - |      - |      - |     0 |     3 |    25 |    26 |    65 |    65 |    68 |    68 |
| SEQ_1                 |                   - |                   - |                   - |                    - |                    - |                    - |                    - |                    - |     - |     - |     - |     - |     - |     - |     - |     - |     - |      - |      - |      - |      - |      - |      - |      - |     - |     0 |    22 |    23 |    62 |    62 |    65 |    65 |
| SEQ_2                 |                   - |                   - |                   - |                    - |                    - |                    - |                    - |                    - |     - |     - |     - |     - |     - |     - |     - |     - |     - |      - |      - |      - |      - |      - |      - |      - |     - |     - |     0 |     1 |    45 |    45 |    48 |    48 |
| SEQ_3                 |                   - |                   - |                   - |                    - |                    - |                    - |                    - |                    - |     - |     - |     - |     - |     - |     - |     - |     - |     - |      - |      - |      - |      - |      - |      - |      - |     - |     - |     - |     0 |    44 |    44 |    47 |    47 |
| SEQ_4                 |                   - |                   - |                   - |                    - |                    - |                    - |                    - |                    - |     - |     - |     - |     - |     - |     - |     - |     - |     - |      - |      - |      - |      - |      - |      - |      - |     - |     - |     - |     - |     0 |     0 |     4 |     4 |
| SEQ_5                 |                   - |                   - |                   - |                    - |                    - |                    - |                    - |                    - |     - |     - |     - |     - |     - |     - |     - |     - |     - |      - |      - |      - |      - |      - |      - |      - |     - |     - |     - |     - |     - |     0 |     4 |     4 |
| SEQ_6                 |                   - |                   - |                   - |                    - |                    - |                    - |                    - |                    - |     - |     - |     - |     - |     - |     - |     - |     - |     - |      - |      - |      - |      - |      - |      - |      - |     - |     - |     - |     - |     - |     - |     0 |     0 |
| SEQ_7                 |                   - |                   - |                   - |                    - |                    - |                    - |                    - |                    - |     - |     - |     - |     - |     - |     - |     - |     - |     - |      - |      - |      - |      - |      - |      - |      - |     - |     - |     - |     - |     - |     - |     - |     0 |


DCJ-indel distance comparisons as PHYLIP matrix:

32
simulated_
simulated_3 
simulated_55 56 
simulated_54 55 1 
simulated_4 5 57 56 
simulated_4 5 57 56 0 
simulated_55 56 22 23 55 55 
simulated_55 56 22 23 55 55 0 
MST_1     35 36 36 35 37 37 37 37 
MST_2     30 31 31 30 32 32 32 32 2 
MST_3     30 31 29 28 32 32 29 29 2 2 
MST_4     71 72 74 73 72 72 72 72 2 2 2 
MST_5     80 80 80 79 81 81 79 79 3 3 3 3 
MST_6     80 80 80 79 81 81 79 79 3 3 3 3 2 
MST_7     79 79 78 77 80 80 77 77 3 3 4 4 4 4 
MST_8     52 52 50 49 53 53 50 50 4 4 4 5 5 5 7 
MST_9     51 52 52 52 52 52 48 48 17 18 17 19 21 21 21 22 
MST_10    36 39 41 41 37 37 40 40 41 38 37 41 42 42 44 47 37 
MST_11    30 30 41 41 28 28 43 43 36 33 32 37 37 37 37 43 46 22 
MST_12    33 34 50 49 33 33 48 48 34 29 28 32 32 32 33 42 53 33 26 
MST_13    24 23 39 38 24 24 41 41 43 38 37 72 78 77 77 55 57 39 31 32 
MST_14    40 41 46 45 40 40 48 48 28 22 21 60 65 64 62 41 63 60 54 59 36 
MST_15    29 30 30 29 31 31 37 37 25 19 19 59 64 64 61 38 51 52 42 49 30 17 
MST_16    31 32 34 33 33 33 40 40 27 21 21 60 66 66 63 39 54 53 47 53 33 24 7 
SEQ_0     46 45 38 39 44 44 33 33 54 50 48 84 91 91 89 63 54 23 37 49 33 63 55 60 
SEQ_1     45 46 35 36 41 41 30 30 52 48 46 82 89 89 87 61 52 23 36 47 33 60 52 57 3 
SEQ_2     28 29 33 33 28 28 34 34 47 41 39 77 83 83 82 58 57 37 25 31 18 46 35 41 25 22 
SEQ_3     27 28 33 32 27 27 34 34 47 41 39 77 83 83 82 58 58 38 26 30 17 45 34 40 26 23 1 
SEQ_4     20 21 36 35 22 22 37 37 16 10 10 57 65 65 64 34 43 49 42 40 36 30 20 22 65 62 45 44 
SEQ_5     20 21 36 35 22 22 37 37 16 10 10 57 65 65 64 34 43 49 42 40 36 30 20 22 65 62 45 44 0 
SEQ_6     23 24 34 33 25 25 36 36 13 7 7 54 62 62 61 31 46 52 42 43 40 34 18 18 68 65 48 47 4 4 
SEQ_7     23 24 34 33 25 25 36 36 13 7 7 54 62 62 61 31 46 52 42 43 40 34 18 18 68 65 48 47 4 4 0 


Adjacencies of each genome comparison after each step:

